1 1708588838 0.000000 1 0.000000 0.000000 0.000000
2 1708588838 0.000000 1 0.000000 0.000000 0.000000
3 1708588838 0.000000 1 0.000000 0.000000 0.000000
4 1708588838 0.000000 1 0.000000 0.000000 0.000000
1 1708588838 0.000000 1 0.000000 0.000000 0.000000
2 1708588838 0.000000 1 0.000000 0.000000 0.000000
3 1708588838 0.000000 1 0.000000 0.000000 0.000000
4 1708588838 0.000000 1 0.000000 0.000000 0.000000
1 1708588839 1.000000 1 1.000000 1.000000 1.000000
2 1708588839 0.000000 1 0.000000 0.000000 0.000000
3 1708588839 0.000000 1 0.000000 0.000000 0.000000
4 1708588839 0.000000 1 0.000000 0.000000 0.000000
1 1708588840 1.000000 1 1.000000 1.000000 1.000000
2 1708588840 0.000000 1 0.000000 0.000000 0.000000
3 1708588840 0.000000 1 0.000000 0.000000 0.000000
4 1708588840 0.000000 1 0.000000 0.000000 0.000000
1 1708588841 1.000000 1 1.000000 1.000000 1.000000
2 1708588841 0.000000 1 0.000000 0.000000 0.000000
3 1708588841 0.000000 1 0.000000 0.000000 0.000000
4 1708588841 0.000000 1 0.000000 0.000000 0.000000
1 1708588842 1.000000 1 1.000000 1.000000 1.000000
2 1708588842 0.000000 1 0.000000 0.000000 0.000000
3 1708588842 0.000000 1 0.000000 0.000000 0.000000
4 1708588842 0.000000 1 0.000000 0.000000 0.000000
1 1708588843 1.000000 1 1.000000 1.000000 1.000000
2 1708588843 0.000000 1 0.000000 0.000000 0.000000
3 1708588843 0.000000 1 0.000000 0.000000 0.000000
4 1708588843 0.000000 1 0.000000 0.000000 0.000000
1 1708588844 1.000000 1 1.000000 1.000000 1.000000
2 1708588844 0.000000 1 0.000000 0.000000 0.000000
3 1708588844 0.000000 1 0.000000 0.000000 0.000000
4 1708588844 0.000000 1 0.000000 0.000000 0.000000
1 1708588845 1.000000 1 1.000000 1.000000 1.000000
2 1708588845 0.000000 1 0.000000 0.000000 0.000000
3 1708588845 0.000000 1 0.000000 0.000000 0.000000
4 1708588845 0.000000 1 0.000000 0.000000 0.000000
1 1708588846 1.000000 1 1.000000 1.000000 1.000000
2 1708588846 0.000000 1 0.000000 0.000000 0.000000
3 1708588846 0.000000 1 0.000000 0.000000 0.000000
4 1708588846 0.000000 1 0.000000 0.000000 0.000000
1 1708588847 1.000000 1 1.000000 1.000000 1.000000
2 1708588847 0.000000 1 0.000000 0.000000 0.000000
3 1708588847 0.000000 1 0.000000 0.000000 0.000000
4 1708588847 0.000000 1 0.000000 0.000000 0.000000
1 1708588848 1.000000 1 1.000000 1.000000 1.000000
2 1708588848 0.000000 1 0.000000 0.000000 0.000000
3 1708588848 0.000000 1 0.000000 0.000000 0.000000
4 1708588848 0.000000 1 0.000000 0.000000 0.000000
1 1708588849 1.000000 1 1.000000 1.000000 1.000000
2 1708588849 0.000000 1 0.000000 0.000000 0.000000
3 1708588849 0.000000 1 0.000000 0.000000 0.000000
4 1708588849 0.000000 1 0.000000 0.000000 0.000000
1 1708588851 1.000000 1 1.000000 1.000000 1.000000
2 1708588851 0.000000 1 0.000000 0.000000 0.000000
3 1708588851 0.000000 1 0.000000 0.000000 0.000000
4 1708588851 0.000000 1 0.000000 0.000000 0.000000
1 1708588852 1.000000 1 1.000000 1.000000 1.000000
2 1708588852 0.000000 1 0.000000 0.000000 0.000000
3 1708588852 0.000000 1 0.000000 0.000000 0.000000
4 1708588852 0.000000 1 0.000000 0.000000 0.000000
1 1708588853 1.000000 1 1.000000 1.000000 1.000000
2 1708588853 0.000000 1 0.000000 0.000000 0.000000
3 1708588853 0.000000 1 0.000000 0.000000 0.000000
4 1708588853 0.000000 1 0.000000 0.000000 0.000000
1 1708588854 1.000000 1 1.000000 1.000000 1.000000
2 1708588854 0.000000 1 0.000000 0.000000 0.000000
3 1708588854 0.000000 1 0.000000 0.000000 0.000000
4 1708588854 0.000000 1 0.000000 0.000000 0.000000
1 1708588855 1.000000 1 1.000000 1.000000 1.000000
2 1708588855 0.000000 1 0.000000 0.000000 0.000000
3 1708588855 0.000000 1 0.000000 0.000000 0.000000
4 1708588855 0.000000 1 0.000000 0.000000 0.000000
1 1708588856 1.000000 1 1.000000 1.000000 1.000000
2 1708588856 0.000000 1 0.000000 0.000000 0.000000
3 1708588856 0.000000 1 0.000000 0.000000 0.000000
4 1708588856 0.000000 1 0.000000 0.000000 0.000000
1 1708588857 1.000000 1 1.000000 1.000000 1.000000
2 1708588857 0.000000 1 0.000000 0.000000 0.000000
3 1708588857 0.000000 1 0.000000 0.000000 0.000000
4 1708588857 0.000000 1 0.000000 0.000000 0.000000
1 1708588858 1.000000 1 1.000000 1.000000 1.000000
2 1708588858 0.000000 1 0.000000 0.000000 0.000000
3 1708588858 0.000000 1 0.000000 0.000000 0.000000
4 1708588858 0.000000 1 0.000000 0.000000 0.000000
1 1708588859 1.000000 1 1.000000 1.000000 1.000000
2 1708588859 0.000000 1 0.000000 0.000000 0.000000
3 1708588859 0.000000 1 0.000000 0.000000 0.000000
4 1708588859 0.000000 1 0.000000 0.000000 0.000000
1 1708588860 1.000000 1 1.000000 1.000000 1.000000
2 1708588860 0.000000 1 0.000000 0.000000 0.000000
3 1708588860 0.000000 1 0.000000 0.000000 0.000000
4 1708588860 0.000000 1 0.000000 0.000000 0.000000
1 1708588861 1.000000 1 1.000000 1.000000 1.000000
2 1708588861 0.000000 1 0.000000 0.000000 0.000000
3 1708588861 0.000000 1 0.000000 0.000000 0.000000
4 1708588861 0.000000 1 0.000000 0.000000 0.000000
1 1708588862 1.000000 1 1.000000 1.000000 1.000000
2 1708588862 0.000000 1 0.000000 0.000000 0.000000
3 1708588862 0.000000 1 0.000000 0.000000 0.000000
4 1708588862 0.000000 1 0.000000 0.000000 0.000000
1 1708588863 1.000000 1 1.000000 1.000000 1.000000
2 1708588863 0.000000 1 0.000000 0.000000 0.000000
3 1708588863 0.000000 1 0.000000 0.000000 0.000000
4 1708588863 0.000000 1 0.000000 0.000000 0.000000
1 1708588864 1.000000 1 1.000000 1.000000 1.000000
2 1708588864 0.000000 1 0.000000 0.000000 0.000000
3 1708588864 0.000000 1 0.000000 0.000000 0.000000
4 1708588864 0.000000 1 0.000000 0.000000 0.000000
1 1708588865 1.000000 1 1.000000 1.000000 1.000000
2 1708588865 0.000000 1 0.000000 0.000000 0.000000
3 1708588865 0.000000 1 0.000000 0.000000 0.000000
4 1708588865 0.000000 1 0.000000 0.000000 0.000000
1 1708588866 1.000000 1 1.000000 1.000000 1.000000
2 1708588866 0.000000 1 0.000000 0.000000 0.000000
3 1708588866 0.000000 1 0.000000 0.000000 0.000000
4 1708588866 0.000000 1 0.000000 0.000000 0.000000
1 1708588867 1.000000 1 1.000000 1.000000 1.000000
2 1708588867 0.000000 1 0.000000 0.000000 0.000000
3 1708588867 0.000000 1 0.000000 0.000000 0.000000
4 1708588867 0.000000 1 0.000000 0.000000 0.000000
1 1708588868 1.000000 1 1.000000 1.000000 1.000000
2 1708588868 0.000000 1 0.000000 0.000000 0.000000
3 1708588868 0.000000 1 0.000000 0.000000 0.000000
4 1708588868 0.000000 1 0.000000 0.000000 0.000000
1 1708588869 1.000000 1 1.000000 1.000000 1.000000
2 1708588869 0.000000 1 0.000000 0.000000 0.000000
3 1708588869 0.000000 1 0.000000 0.000000 0.000000
4 1708588869 0.000000 1 0.000000 0.000000 0.000000
1 1708588870 1.000000 1 1.000000 1.000000 1.000000
2 1708588870 0.000000 1 0.000000 0.000000 0.000000
3 1708588870 0.000000 1 0.000000 0.000000 0.000000
4 1708588870 0.000000 1 0.000000 0.000000 0.000000
1 1708588871 1.000000 1 1.000000 1.000000 1.000000
2 1708588871 0.000000 1 0.000000 0.000000 0.000000
3 1708588871 0.000000 1 0.000000 0.000000 0.000000
4 1708588871 0.000000 1 0.000000 0.000000 0.000000
1 1708588872 1.000000 1 1.000000 1.000000 1.000000
2 1708588872 0.000000 1 0.000000 0.000000 0.000000
3 1708588872 0.000000 1 0.000000 0.000000 0.000000
4 1708588872 0.000000 1 0.000000 0.000000 0.000000
1 1708588873 1.000000 1 1.000000 1.000000 1.000000
2 1708588873 0.000000 1 0.000000 0.000000 0.000000
3 1708588873 0.000000 1 0.000000 0.000000 0.000000
4 1708588873 0.000000 1 0.000000 0.000000 0.000000
1 1708588874 1.000000 1 1.000000 1.000000 1.000000
2 1708588874 0.000000 1 0.000000 0.000000 0.000000
3 1708588874 0.000000 1 0.000000 0.000000 0.000000
4 1708588874 0.000000 1 0.000000 0.000000 0.000000
1 1708588875 1.000000 1 1.000000 1.000000 1.000000
2 1708588875 0.000000 1 0.000000 0.000000 0.000000
3 1708588875 0.000000 1 0.000000 0.000000 0.000000
4 1708588875 0.000000 1 0.000000 0.000000 0.000000
1 1708588876 1.000000 1 1.000000 1.000000 1.000000
2 1708588876 0.000000 1 0.000000 0.000000 0.000000
3 1708588876 0.000000 1 0.000000 0.000000 0.000000
4 1708588876 0.000000 1 0.000000 0.000000 0.000000
1 1708588877 1.000000 1 1.000000 1.000000 1.000000
2 1708588877 0.000000 1 0.000000 0.000000 0.000000
3 1708588877 0.000000 1 0.000000 0.000000 0.000000
4 1708588877 0.000000 1 0.000000 0.000000 0.000000
1 1708588878 1.000000 1 1.000000 1.000000 1.000000
2 1708588878 0.000000 1 0.000000 0.000000 0.000000
3 1708588878 0.000000 1 0.000000 0.000000 0.000000
4 1708588878 0.000000 1 0.000000 0.000000 0.000000
1 1708588879 1.000000 1 1.000000 1.000000 1.000000
2 1708588879 0.000000 1 0.000000 0.000000 0.000000
3 1708588879 0.000000 1 0.000000 0.000000 0.000000
4 1708588879 0.000000 1 0.000000 0.000000 0.000000
1 1708588880 1.000000 1 1.000000 1.000000 1.000000
2 1708588880 0.000000 1 0.000000 0.000000 0.000000
3 1708588880 0.000000 1 0.000000 0.000000 0.000000
4 1708588880 0.000000 1 0.000000 0.000000 0.000000
1 1708588881 1.000000 1 1.000000 1.000000 1.000000
2 1708588881 0.000000 1 0.000000 0.000000 0.000000
3 1708588881 0.000000 1 0.000000 0.000000 0.000000
4 1708588881 0.000000 1 0.000000 0.000000 0.000000
1 1708588882 1.000000 1 1.000000 1.000000 1.000000
2 1708588882 0.000000 1 0.000000 0.000000 0.000000
3 1708588882 0.000000 1 0.000000 0.000000 0.000000
4 1708588882 0.000000 1 0.000000 0.000000 0.000000
1 1708588883 1.000000 1 1.000000 1.000000 1.000000
2 1708588883 0.000000 1 0.000000 0.000000 0.000000
3 1708588883 0.000000 1 0.000000 0.000000 0.000000
4 1708588883 0.000000 1 0.000000 0.000000 0.000000
1 1708588884 1.000000 1 1.000000 1.000000 1.000000
2 1708588884 0.000000 1 0.000000 0.000000 0.000000
3 1708588884 0.000000 1 0.000000 0.000000 0.000000
4 1708588884 0.000000 1 0.000000 0.000000 0.000000
1 1708588885 1.000000 1 1.000000 1.000000 1.000000
2 1708588885 0.000000 1 0.000000 0.000000 0.000000
3 1708588885 0.000000 1 0.000000 0.000000 0.000000
4 1708588885 0.000000 1 0.000000 0.000000 0.000000
1 1708588886 1.000000 1 1.000000 1.000000 1.000000
2 1708588886 0.000000 1 0.000000 0.000000 0.000000
3 1708588886 0.000000 1 0.000000 0.000000 0.000000
4 1708588886 0.000000 1 0.000000 0.000000 0.000000
1 1708588887 1.000000 1 1.000000 1.000000 1.000000
2 1708588887 0.000000 1 0.000000 0.000000 0.000000
3 1708588887 0.000000 1 0.000000 0.000000 0.000000
4 1708588887 0.000000 1 0.000000 0.000000 0.000000
1 1708588888 1.000000 1 1.000000 1.000000 1.000000
2 1708588888 0.000000 1 0.000000 0.000000 0.000000
3 1708588888 0.000000 1 0.000000 0.000000 0.000000
4 1708588888 0.000000 1 0.000000 0.000000 0.000000
1 1708588889 1.000000 1 1.000000 1.000000 1.000000
2 1708588889 0.000000 1 0.000000 0.000000 0.000000
3 1708588889 0.000000 1 0.000000 0.000000 0.000000
4 1708588889 0.000000 1 0.000000 0.000000 0.000000
1 1708588890 1.000000 1 1.000000 1.000000 1.000000
2 1708588890 0.000000 1 0.000000 0.000000 0.000000
3 1708588890 0.000000 1 0.000000 0.000000 0.000000
4 1708588890 0.000000 1 0.000000 0.000000 0.000000
1 1708588891 1.000000 1 1.000000 1.000000 1.000000
2 1708588891 0.000000 1 0.000000 0.000000 0.000000
3 1708588891 0.000000 1 0.000000 0.000000 0.000000
4 1708588891 0.000000 1 0.000000 0.000000 0.000000
1 1708588892 1.000000 1 1.000000 1.000000 1.000000
2 1708588892 0.000000 1 0.000000 0.000000 0.000000
3 1708588892 0.000000 1 0.000000 0.000000 0.000000
4 1708588892 0.000000 1 0.000000 0.000000 0.000000
1 1708588893 1.000000 1 1.000000 1.000000 1.000000
2 1708588893 0.000000 1 0.000000 0.000000 0.000000
3 1708588893 0.000000 1 0.000000 0.000000 0.000000
4 1708588893 0.000000 1 0.000000 0.000000 0.000000
1 1708588894 1.000000 1 1.000000 1.000000 1.000000
2 1708588894 0.000000 1 0.000000 0.000000 0.000000
3 1708588894 0.000000 1 0.000000 0.000000 0.000000
4 1708588894 0.000000 1 0.000000 0.000000 0.000000
1 1708588895 1.000000 1 1.000000 1.000000 1.000000
2 1708588895 0.000000 1 0.000000 0.000000 0.000000
3 1708588895 0.000000 1 0.000000 0.000000 0.000000
4 1708588895 0.000000 1 0.000000 0.000000 0.000000
1 1708588896 1.000000 1 1.000000 1.000000 1.000000
2 1708588896 0.000000 1 0.000000 0.000000 0.000000
3 1708588896 0.000000 1 0.000000 0.000000 0.000000
4 1708588896 0.000000 1 0.000000 0.000000 0.000000
1 1708588897 1.000000 1 1.000000 1.000000 1.000000
2 1708588897 0.000000 1 0.000000 0.000000 0.000000
3 1708588897 0.000000 1 0.000000 0.000000 0.000000
4 1708588897 0.000000 1 0.000000 0.000000 0.000000
1 1708588898 1.000000 1 1.000000 1.000000 1.000000
2 1708588898 0.000000 1 0.000000 0.000000 0.000000
3 1708588898 0.000000 1 0.000000 0.000000 0.000000
4 1708588898 0.000000 1 0.000000 0.000000 0.000000
1 1708588899 1.000000 1 1.000000 1.000000 1.000000
2 1708588899 0.000000 1 0.000000 0.000000 0.000000
3 1708588899 0.000000 1 0.000000 0.000000 0.000000
4 1708588899 0.000000 1 0.000000 0.000000 0.000000
1 1708588900 1.000000 1 1.000000 1.000000 1.000000
2 1708588900 0.000000 1 0.000000 0.000000 0.000000
3 1708588900 0.000000 1 0.000000 0.000000 0.000000
4 1708588900 0.000000 1 0.000000 0.000000 0.000000
1 1708588901 1.000000 1 1.000000 1.000000 1.000000
2 1708588901 0.000000 1 0.000000 0.000000 0.000000
3 1708588901 0.000000 1 0.000000 0.000000 0.000000
4 1708588901 0.000000 1 0.000000 0.000000 0.000000
1 1708588902 1.000000 1 1.000000 1.000000 1.000000
2 1708588902 0.000000 1 0.000000 0.000000 0.000000
3 1708588902 0.000000 1 0.000000 0.000000 0.000000
4 1708588902 0.000000 1 0.000000 0.000000 0.000000
1 1708588903 1.000000 1 1.000000 1.000000 1.000000
2 1708588903 0.000000 1 0.000000 0.000000 0.000000
3 1708588903 0.000000 1 0.000000 0.000000 0.000000
4 1708588903 0.000000 1 0.000000 0.000000 0.000000
1 1708588904 1.000000 1 1.000000 1.000000 1.000000
2 1708588904 0.000000 1 0.000000 0.000000 0.000000
3 1708588904 0.000000 1 0.000000 0.000000 0.000000
4 1708588904 0.000000 1 0.000000 0.000000 0.000000
1 1708588905 1.000000 1 1.000000 1.000000 1.000000
2 1708588905 0.000000 1 0.000000 0.000000 0.000000
3 1708588905 0.000000 1 0.000000 0.000000 0.000000
4 1708588905 0.000000 1 0.000000 0.000000 0.000000
1 1708588906 1.000000 1 1.000000 1.000000 1.000000
2 1708588906 0.000000 1 0.000000 0.000000 0.000000
3 1708588906 0.000000 1 0.000000 0.000000 0.000000
4 1708588906 0.000000 1 0.000000 0.000000 0.000000
1 1708588907 1.000000 1 1.000000 1.000000 1.000000
2 1708588907 0.000000 1 0.000000 0.000000 0.000000
3 1708588907 0.000000 1 0.000000 0.000000 0.000000
4 1708588907 0.000000 1 0.000000 0.000000 0.000000
1 1708588908 1.000000 1 1.000000 1.000000 1.000000
2 1708588908 0.000000 1 0.000000 0.000000 0.000000
3 1708588908 0.000000 1 0.000000 0.000000 0.000000
4 1708588908 0.000000 1 0.000000 0.000000 0.000000
1 1708588909 1.000000 1 1.000000 1.000000 1.000000
2 1708588909 0.000000 1 0.000000 0.000000 0.000000
3 1708588909 0.000000 1 0.000000 0.000000 0.000000
4 1708588909 0.000000 1 0.000000 0.000000 0.000000
1 1708588910 1.000000 1 1.000000 1.000000 1.000000
2 1708588910 0.000000 1 0.000000 0.000000 0.000000
3 1708588910 0.000000 1 0.000000 0.000000 0.000000
4 1708588910 0.000000 1 0.000000 0.000000 0.000000
1 1708588911 1.000000 1 1.000000 1.000000 1.000000
2 1708588911 0.000000 1 0.000000 0.000000 0.000000
3 1708588911 0.000000 1 0.000000 0.000000 0.000000
4 1708588911 0.000000 1 0.000000 0.000000 0.000000
1 1708588912 1.000000 1 1.000000 1.000000 1.000000
2 1708588912 0.000000 1 0.000000 0.000000 0.000000
3 1708588912 0.000000 1 0.000000 0.000000 0.000000
4 1708588912 0.000000 1 0.000000 0.000000 0.000000
1 1708588913 1.000000 1 1.000000 1.000000 1.000000
2 1708588913 0.000000 1 0.000000 0.000000 0.000000
3 1708588913 0.000000 1 0.000000 0.000000 0.000000
4 1708588913 0.000000 1 0.000000 0.000000 0.000000
1 1708588915 1.000000 1 1.000000 1.000000 1.000000
2 1708588915 0.000000 1 0.000000 0.000000 0.000000
3 1708588915 0.000000 1 0.000000 0.000000 0.000000
4 1708588915 0.000000 1 0.000000 0.000000 0.000000
1 1708588916 1.000000 1 1.000000 1.000000 1.000000
2 1708588916 0.000000 1 0.000000 0.000000 0.000000
3 1708588916 0.000000 1 0.000000 0.000000 0.000000
4 1708588916 0.000000 1 0.000000 0.000000 0.000000
1 1708588917 1.000000 1 1.000000 1.000000 1.000000
2 1708588917 0.000000 1 0.000000 0.000000 0.000000
3 1708588917 0.000000 1 0.000000 0.000000 0.000000
4 1708588917 0.000000 1 0.000000 0.000000 0.000000
1 1708588918 1.000000 1 1.000000 1.000000 1.000000
2 1708588918 0.000000 1 0.000000 0.000000 0.000000
3 1708588918 0.000000 1 0.000000 0.000000 0.000000
4 1708588918 0.000000 1 0.000000 0.000000 0.000000
1 1708588919 1.000000 1 1.000000 1.000000 1.000000
2 1708588919 0.000000 1 0.000000 0.000000 0.000000
3 1708588919 0.000000 1 0.000000 0.000000 0.000000
4 1708588919 0.000000 1 0.000000 0.000000 0.000000
1 1708588920 1.000000 1 1.000000 1.000000 1.000000
2 1708588920 0.000000 1 0.000000 0.000000 0.000000
3 1708588920 0.000000 1 0.000000 0.000000 0.000000
4 1708588920 0.000000 1 0.000000 0.000000 0.000000
1 1708588921 1.000000 1 1.000000 1.000000 1.000000
2 1708588921 0.000000 1 0.000000 0.000000 0.000000
3 1708588921 0.000000 1 0.000000 0.000000 0.000000
4 1708588921 0.000000 1 0.000000 0.000000 0.000000
1 1708588922 1.000000 1 1.000000 1.000000 1.000000
2 1708588922 0.000000 1 0.000000 0.000000 0.000000
3 1708588922 0.000000 1 0.000000 0.000000 0.000000
4 1708588922 0.000000 1 0.000000 0.000000 0.000000
1 1708588923 1.000000 1 1.000000 1.000000 1.000000
2 1708588923 0.000000 1 0.000000 0.000000 0.000000
3 1708588923 0.000000 1 0.000000 0.000000 0.000000
4 1708588923 0.000000 1 0.000000 0.000000 0.000000
1 1708588924 1.000000 1 1.000000 1.000000 1.000000
2 1708588924 0.000000 1 0.000000 0.000000 0.000000
3 1708588924 0.000000 1 0.000000 0.000000 0.000000
4 1708588924 0.000000 1 0.000000 0.000000 0.000000
1 1708588925 1.000000 1 1.000000 1.000000 1.000000
2 1708588925 0.000000 1 0.000000 0.000000 0.000000
3 1708588925 0.000000 1 0.000000 0.000000 0.000000
4 1708588925 0.000000 1 0.000000 0.000000 0.000000
1 1708588926 1.000000 1 1.000000 1.000000 1.000000
2 1708588926 0.000000 1 0.000000 0.000000 0.000000
3 1708588926 0.000000 1 0.000000 0.000000 0.000000
4 1708588926 0.000000 1 0.000000 0.000000 0.000000
1 1708588927 1.000000 1 1.000000 1.000000 1.000000
2 1708588927 0.000000 1 0.000000 0.000000 0.000000
3 1708588927 0.000000 1 0.000000 0.000000 0.000000
4 1708588927 0.000000 1 0.000000 0.000000 0.000000
1 1708588928 1.000000 1 1.000000 1.000000 1.000000
2 1708588928 0.000000 1 0.000000 0.000000 0.000000
3 1708588928 0.000000 1 0.000000 0.000000 0.000000
4 1708588928 0.000000 1 0.000000 0.000000 0.000000
1 1708588929 1.000000 1 1.000000 1.000000 1.000000
2 1708588929 0.000000 1 0.000000 0.000000 0.000000
3 1708588929 0.000000 1 0.000000 0.000000 0.000000
4 1708588929 0.000000 1 0.000000 0.000000 0.000000
1 1708588930 1.000000 1 1.000000 1.000000 1.000000
2 1708588930 0.000000 1 0.000000 0.000000 0.000000
3 1708588930 0.000000 1 0.000000 0.000000 0.000000
4 1708588930 0.000000 1 0.000000 0.000000 0.000000
1 1708588931 1.000000 1 1.000000 1.000000 1.000000
2 1708588931 0.000000 1 0.000000 0.000000 0.000000
3 1708588931 0.000000 1 0.000000 0.000000 0.000000
4 1708588931 0.000000 1 0.000000 0.000000 0.000000
1 1708588932 1.000000 1 1.000000 1.000000 1.000000
2 1708588932 0.000000 1 0.000000 0.000000 0.000000
3 1708588932 0.000000 1 0.000000 0.000000 0.000000
4 1708588932 0.000000 1 0.000000 0.000000 0.000000
1 1708588933 1.000000 1 1.000000 1.000000 1.000000
2 1708588933 0.000000 1 0.000000 0.000000 0.000000
3 1708588933 0.000000 1 0.000000 0.000000 0.000000
4 1708588933 0.000000 1 0.000000 0.000000 0.000000
1 1708588934 1.000000 1 1.000000 1.000000 1.000000
2 1708588934 0.000000 1 0.000000 0.000000 0.000000
3 1708588934 0.000000 1 0.000000 0.000000 0.000000
4 1708588934 0.000000 1 0.000000 0.000000 0.000000
1 1708588935 1.000000 1 1.000000 1.000000 1.000000
2 1708588935 0.000000 1 0.000000 0.000000 0.000000
3 1708588935 0.000000 1 0.000000 0.000000 0.000000
4 1708588935 0.000000 1 0.000000 0.000000 0.000000
1 1708588936 1.000000 1 1.000000 1.000000 1.000000
2 1708588936 0.000000 1 0.000000 0.000000 0.000000
3 1708588936 0.000000 1 0.000000 0.000000 0.000000
4 1708588936 0.000000 1 0.000000 0.000000 0.000000
1 1708588937 1.000000 1 1.000000 1.000000 1.000000
2 1708588937 0.000000 1 0.000000 0.000000 0.000000
3 1708588937 0.000000 1 0.000000 0.000000 0.000000
4 1708588937 0.000000 1 0.000000 0.000000 0.000000
1 1708588938 1.000000 1 1.000000 1.000000 1.000000
2 1708588938 0.000000 1 0.000000 0.000000 0.000000
3 1708588938 0.000000 1 0.000000 0.000000 0.000000
4 1708588938 0.000000 1 0.000000 0.000000 0.000000
1 1708588939 1.000000 1 1.000000 1.000000 1.000000
2 1708588939 0.000000 1 0.000000 0.000000 0.000000
3 1708588939 0.000000 1 0.000000 0.000000 0.000000
4 1708588939 0.000000 1 0.000000 0.000000 0.000000
1 1708588940 1.000000 1 1.000000 1.000000 1.000000
2 1708588940 0.000000 1 0.000000 0.000000 0.000000
3 1708588940 0.000000 1 0.000000 0.000000 0.000000
4 1708588940 0.000000 1 0.000000 0.000000 0.000000
1 1708588941 1.000000 1 1.000000 1.000000 1.000000
2 1708588941 0.000000 1 0.000000 0.000000 0.000000
3 1708588941 0.000000 1 0.000000 0.000000 0.000000
4 1708588941 0.000000 1 0.000000 0.000000 0.000000
1 1708588942 1.000000 1 1.000000 1.000000 1.000000
2 1708588942 0.000000 1 0.000000 0.000000 0.000000
3 1708588942 0.000000 1 0.000000 0.000000 0.000000
4 1708588942 0.000000 1 0.000000 0.000000 0.000000
1 1708588943 1.000000 1 1.000000 1.000000 1.000000
2 1708588943 0.000000 1 0.000000 0.000000 0.000000
3 1708588943 0.000000 1 0.000000 0.000000 0.000000
4 1708588943 0.000000 1 0.000000 0.000000 0.000000
1 1708588944 1.000000 1 1.000000 1.000000 1.000000
2 1708588944 0.000000 1 0.000000 0.000000 0.000000
3 1708588944 0.000000 1 0.000000 0.000000 0.000000
4 1708588944 0.000000 1 0.000000 0.000000 0.000000
1 1708588945 1.000000 1 1.000000 1.000000 1.000000
2 1708588945 0.000000 1 0.000000 0.000000 0.000000
3 1708588945 0.000000 1 0.000000 0.000000 0.000000
4 1708588945 0.000000 1 0.000000 0.000000 0.000000
1 1708588946 1.000000 1 1.000000 1.000000 1.000000
2 1708588946 0.000000 1 0.000000 0.000000 0.000000
3 1708588946 0.000000 1 0.000000 0.000000 0.000000
4 1708588946 0.000000 1 0.000000 0.000000 0.000000
1 1708588947 1.000000 1 1.000000 1.000000 1.000000
2 1708588947 0.000000 1 0.000000 0.000000 0.000000
3 1708588947 0.000000 1 0.000000 0.000000 0.000000
4 1708588947 0.000000 1 0.000000 0.000000 0.000000
1 1708588948 1.000000 1 1.000000 1.000000 1.000000
2 1708588948 0.000000 1 0.000000 0.000000 0.000000
3 1708588948 0.000000 1 0.000000 0.000000 0.000000
4 1708588948 0.000000 1 0.000000 0.000000 0.000000
1 1708588949 1.000000 1 1.000000 1.000000 1.000000
2 1708588949 0.000000 1 0.000000 0.000000 0.000000
3 1708588949 0.000000 1 0.000000 0.000000 0.000000
4 1708588949 0.000000 1 0.000000 0.000000 0.000000
1 1708588950 1.000000 1 1.000000 1.000000 1.000000
2 1708588950 0.000000 1 0.000000 0.000000 0.000000
3 1708588950 0.000000 1 0.000000 0.000000 0.000000
4 1708588950 0.000000 1 0.000000 0.000000 0.000000
1 1708588951 1.000000 1 1.000000 1.000000 1.000000
2 1708588951 0.000000 1 0.000000 0.000000 0.000000
3 1708588951 0.000000 1 0.000000 0.000000 0.000000
4 1708588951 0.000000 1 0.000000 0.000000 0.000000
1 1708588952 1.000000 1 1.000000 1.000000 1.000000
2 1708588952 0.000000 1 0.000000 0.000000 0.000000
3 1708588952 0.000000 1 0.000000 0.000000 0.000000
4 1708588952 0.000000 1 0.000000 0.000000 0.000000
1 1708588953 1.000000 1 1.000000 1.000000 1.000000
2 1708588953 0.000000 1 0.000000 0.000000 0.000000
3 1708588953 0.000000 1 0.000000 0.000000 0.000000
4 1708588953 0.000000 1 0.000000 0.000000 0.000000
1 1708588954 1.000000 1 1.000000 1.000000 1.000000
2 1708588954 0.000000 1 0.000000 0.000000 0.000000
3 1708588954 0.000000 1 0.000000 0.000000 0.000000
4 1708588954 0.000000 1 0.000000 0.000000 0.000000
1 1708588955 1.000000 1 1.000000 1.000000 1.000000
2 1708588955 0.000000 1 0.000000 0.000000 0.000000
3 1708588955 0.000000 1 0.000000 0.000000 0.000000
4 1708588955 0.000000 1 0.000000 0.000000 0.000000
1 1708588956 1.000000 1 1.000000 1.000000 1.000000
2 1708588956 0.000000 1 0.000000 0.000000 0.000000
3 1708588956 0.000000 1 0.000000 0.000000 0.000000
4 1708588956 0.000000 1 0.000000 0.000000 0.000000
1 1708588957 1.000000 1 1.000000 1.000000 1.000000
2 1708588957 0.000000 1 0.000000 0.000000 0.000000
3 1708588957 0.000000 1 0.000000 0.000000 0.000000
4 1708588957 0.000000 1 0.000000 0.000000 0.000000
1 1708588958 1.000000 1 1.000000 1.000000 1.000000
2 1708588958 0.000000 1 0.000000 0.000000 0.000000
3 1708588958 0.000000 1 0.000000 0.000000 0.000000
4 1708588958 0.000000 1 0.000000 0.000000 0.000000
1 1708588959 1.000000 1 1.000000 1.000000 1.000000
2 1708588959 0.000000 1 0.000000 0.000000 0.000000
3 1708588959 0.000000 1 0.000000 0.000000 0.000000
4 1708588959 0.000000 1 0.000000 0.000000 0.000000
1 1708588960 1.000000 1 1.000000 1.000000 1.000000
2 1708588960 0.000000 1 0.000000 0.000000 0.000000
3 1708588960 0.000000 1 0.000000 0.000000 0.000000
4 1708588960 0.000000 1 0.000000 0.000000 0.000000
1 1708588961 1.000000 1 1.000000 1.000000 1.000000
2 1708588961 0.000000 1 0.000000 0.000000 0.000000
3 1708588961 0.000000 1 0.000000 0.000000 0.000000
4 1708588961 0.000000 1 0.000000 0.000000 0.000000
1 1708588962 1.000000 1 1.000000 1.000000 1.000000
2 1708588962 0.000000 1 0.000000 0.000000 0.000000
3 1708588962 0.000000 1 0.000000 0.000000 0.000000
4 1708588962 0.000000 1 0.000000 0.000000 0.000000
1 1708588963 1.000000 1 1.000000 1.000000 1.000000
2 1708588963 0.000000 1 0.000000 0.000000 0.000000
3 1708588963 0.000000 1 0.000000 0.000000 0.000000
4 1708588963 0.000000 1 0.000000 0.000000 0.000000
1 1708588964 1.000000 1 1.000000 1.000000 1.000000
2 1708588964 0.000000 1 0.000000 0.000000 0.000000
3 1708588964 0.000000 1 0.000000 0.000000 0.000000
4 1708588964 0.000000 1 0.000000 0.000000 0.000000
1 1708588965 1.000000 1 1.000000 1.000000 1.000000
2 1708588965 0.000000 1 0.000000 0.000000 0.000000
3 1708588965 0.000000 1 0.000000 0.000000 0.000000
4 1708588965 0.000000 1 0.000000 0.000000 0.000000
1 1708588966 1.000000 1 1.000000 1.000000 1.000000
2 1708588966 0.000000 1 0.000000 0.000000 0.000000
3 1708588966 0.000000 1 0.000000 0.000000 0.000000
4 1708588966 0.000000 1 0.000000 0.000000 0.000000
1 1708588967 1.000000 1 1.000000 1.000000 1.000000
2 1708588967 0.000000 1 0.000000 0.000000 0.000000
3 1708588967 0.000000 1 0.000000 0.000000 0.000000
4 1708588967 0.000000 1 0.000000 0.000000 0.000000
1 1708588968 1.000000 1 1.000000 1.000000 1.000000
2 1708588968 0.000000 1 0.000000 0.000000 0.000000
3 1708588968 0.000000 1 0.000000 0.000000 0.000000
4 1708588968 0.000000 1 0.000000 0.000000 0.000000
1 1708588969 1.000000 1 1.000000 1.000000 1.000000
2 1708588969 0.000000 1 0.000000 0.000000 0.000000
3 1708588969 0.000000 1 0.000000 0.000000 0.000000
4 1708588969 0.000000 1 0.000000 0.000000 0.000000
1 1708588970 1.000000 1 1.000000 1.000000 1.000000
2 1708588970 0.000000 1 0.000000 0.000000 0.000000
3 1708588970 0.000000 1 0.000000 0.000000 0.000000
4 1708588970 0.000000 1 0.000000 0.000000 0.000000
1 1708588971 1.000000 1 1.000000 1.000000 1.000000
2 1708588971 0.000000 1 0.000000 0.000000 0.000000
3 1708588971 0.000000 1 0.000000 0.000000 0.000000
4 1708588971 0.000000 1 0.000000 0.000000 0.000000
1 1708588972 1.000000 1 1.000000 1.000000 1.000000
2 1708588972 0.000000 1 0.000000 0.000000 0.000000
3 1708588972 0.000000 1 0.000000 0.000000 0.000000
4 1708588972 0.000000 1 0.000000 0.000000 0.000000
1 1708588973 1.000000 1 1.000000 1.000000 1.000000
2 1708588973 0.000000 1 0.000000 0.000000 0.000000
3 1708588973 0.000000 1 0.000000 0.000000 0.000000
4 1708588973 0.000000 1 0.000000 0.000000 0.000000
1 1708588974 1.000000 1 1.000000 1.000000 1.000000
2 1708588974 0.000000 1 0.000000 0.000000 0.000000
3 1708588974 0.000000 1 0.000000 0.000000 0.000000
4 1708588974 0.000000 1 0.000000 0.000000 0.000000
1 1708588975 1.000000 1 1.000000 1.000000 1.000000
2 1708588975 0.000000 1 0.000000 0.000000 0.000000
3 1708588975 0.000000 1 0.000000 0.000000 0.000000
4 1708588975 0.000000 1 0.000000 0.000000 0.000000
1 1708588976 1.000000 1 1.000000 1.000000 1.000000
2 1708588976 0.000000 1 0.000000 0.000000 0.000000
3 1708588976 0.000000 1 0.000000 0.000000 0.000000
4 1708588976 0.000000 1 0.000000 0.000000 0.000000
1 1708588977 1.000000 1 1.000000 1.000000 1.000000
2 1708588977 0.000000 1 0.000000 0.000000 0.000000
3 1708588977 0.000000 1 0.000000 0.000000 0.000000
4 1708588977 0.000000 1 0.000000 0.000000 0.000000
1 1708588978 1.000000 1 1.000000 1.000000 1.000000
2 1708588978 0.000000 1 0.000000 0.000000 0.000000
3 1708588978 0.000000 1 0.000000 0.000000 0.000000
4 1708588978 0.000000 1 0.000000 0.000000 0.000000
1 1708588980 1.000000 1 1.000000 1.000000 1.000000
2 1708588980 0.000000 1 0.000000 0.000000 0.000000
3 1708588980 0.000000 1 0.000000 0.000000 0.000000
4 1708588980 0.000000 1 0.000000 0.000000 0.000000
1 1708588981 1.000000 1 1.000000 1.000000 1.000000
2 1708588981 0.000000 1 0.000000 0.000000 0.000000
3 1708588981 0.000000 1 0.000000 0.000000 0.000000
4 1708588981 0.000000 1 0.000000 0.000000 0.000000
1 1708588982 1.000000 1 1.000000 1.000000 1.000000
2 1708588982 0.000000 1 0.000000 0.000000 0.000000
3 1708588982 0.000000 1 0.000000 0.000000 0.000000
4 1708588982 0.000000 1 0.000000 0.000000 0.000000
1 1708588983 1.000000 1 1.000000 1.000000 1.000000
2 1708588983 0.000000 1 0.000000 0.000000 0.000000
3 1708588983 0.000000 1 0.000000 0.000000 0.000000
4 1708588983 0.000000 1 0.000000 0.000000 0.000000
1 1708588984 1.000000 1 1.000000 1.000000 1.000000
2 1708588984 0.000000 1 0.000000 0.000000 0.000000
3 1708588984 0.000000 1 0.000000 0.000000 0.000000
4 1708588984 0.000000 1 0.000000 0.000000 0.000000
1 1708588985 1.000000 1 1.000000 1.000000 1.000000
2 1708588985 0.000000 1 0.000000 0.000000 0.000000
3 1708588985 0.000000 1 0.000000 0.000000 0.000000
4 1708588985 0.000000 1 0.000000 0.000000 0.000000
1 1708588986 1.000000 1 1.000000 1.000000 1.000000
2 1708588986 0.000000 1 0.000000 0.000000 0.000000
3 1708588986 0.000000 1 0.000000 0.000000 0.000000
4 1708588986 0.000000 1 0.000000 0.000000 0.000000
1 1708588987 1.000000 1 1.000000 1.000000 1.000000
2 1708588987 0.000000 1 0.000000 0.000000 0.000000
3 1708588987 0.000000 1 0.000000 0.000000 0.000000
4 1708588987 0.000000 1 0.000000 0.000000 0.000000
1 1708588988 1.000000 1 1.000000 1.000000 1.000000
2 1708588988 0.000000 1 0.000000 0.000000 0.000000
3 1708588988 0.000000 1 0.000000 0.000000 0.000000
4 1708588988 0.000000 1 0.000000 0.000000 0.000000
1 1708588989 1.000000 1 1.000000 1.000000 1.000000
2 1708588989 0.000000 1 0.000000 0.000000 0.000000
3 1708588989 0.000000 1 0.000000 0.000000 0.000000
4 1708588989 0.000000 1 0.000000 0.000000 0.000000
1 1708588990 1.000000 1 1.000000 1.000000 1.000000
2 1708588990 0.000000 1 0.000000 0.000000 0.000000
3 1708588990 0.000000 1 0.000000 0.000000 0.000000
4 1708588990 0.000000 1 0.000000 0.000000 0.000000
1 1708588991 1.000000 1 1.000000 1.000000 1.000000
2 1708588991 0.000000 1 0.000000 0.000000 0.000000
3 1708588991 0.000000 1 0.000000 0.000000 0.000000
4 1708588991 0.000000 1 0.000000 0.000000 0.000000
1 1708588992 1.000000 1 1.000000 1.000000 1.000000
2 1708588992 0.000000 1 0.000000 0.000000 0.000000
3 1708588992 0.000000 1 0.000000 0.000000 0.000000
4 1708588992 0.000000 1 0.000000 0.000000 0.000000
1 1708588993 1.000000 1 1.000000 1.000000 1.000000
2 1708588993 0.000000 1 0.000000 0.000000 0.000000
3 1708588993 0.000000 1 0.000000 0.000000 0.000000
4 1708588993 0.000000 1 0.000000 0.000000 0.000000
1 1708588994 1.000000 1 1.000000 1.000000 1.000000
2 1708588994 0.000000 1 0.000000 0.000000 0.000000
3 1708588994 0.000000 1 0.000000 0.000000 0.000000
4 1708588994 0.000000 1 0.000000 0.000000 0.000000
1 1708588995 1.000000 1 1.000000 1.000000 1.000000
2 1708588995 0.000000 1 0.000000 0.000000 0.000000
3 1708588995 0.000000 1 0.000000 0.000000 0.000000
4 1708588995 0.000000 1 0.000000 0.000000 0.000000
1 1708588996 1.000000 1 1.000000 1.000000 1.000000
2 1708588996 0.000000 1 0.000000 0.000000 0.000000
3 1708588996 0.000000 1 0.000000 0.000000 0.000000
4 1708588996 0.000000 1 0.000000 0.000000 0.000000
1 1708588997 1.000000 1 1.000000 1.000000 1.000000
2 1708588997 0.000000 1 0.000000 0.000000 0.000000
3 1708588997 0.000000 1 0.000000 0.000000 0.000000
4 1708588997 0.000000 1 0.000000 0.000000 0.000000
1 1708588998 1.000000 1 1.000000 1.000000 1.000000
2 1708588998 0.000000 1 0.000000 0.000000 0.000000
3 1708588998 0.000000 1 0.000000 0.000000 0.000000
4 1708588998 0.000000 1 0.000000 0.000000 0.000000
1 1708588999 1.000000 1 1.000000 1.000000 1.000000
2 1708588999 0.000000 1 0.000000 0.000000 0.000000
3 1708588999 0.000000 1 0.000000 0.000000 0.000000
4 1708588999 0.000000 1 0.000000 0.000000 0.000000
1 1708589000 1.000000 1 1.000000 1.000000 1.000000
2 1708589000 0.000000 1 0.000000 0.000000 0.000000
3 1708589000 0.000000 1 0.000000 0.000000 0.000000
4 1708589000 0.000000 1 0.000000 0.000000 0.000000
1 1708589001 1.000000 1 1.000000 1.000000 1.000000
2 1708589001 0.000000 1 0.000000 0.000000 0.000000
3 1708589001 0.000000 1 0.000000 0.000000 0.000000
4 1708589001 0.000000 1 0.000000 0.000000 0.000000
1 1708589002 1.000000 1 1.000000 1.000000 1.000000
2 1708589002 0.000000 1 0.000000 0.000000 0.000000
3 1708589002 0.000000 1 0.000000 0.000000 0.000000
4 1708589002 0.000000 1 0.000000 0.000000 0.000000
1 1708589003 1.000000 1 1.000000 1.000000 1.000000
2 1708589003 0.000000 1 0.000000 0.000000 0.000000
3 1708589003 0.000000 1 0.000000 0.000000 0.000000
4 1708589003 0.000000 1 0.000000 0.000000 0.000000
1 1708589004 1.000000 1 1.000000 1.000000 1.000000
2 1708589004 0.000000 1 0.000000 0.000000 0.000000
3 1708589004 0.000000 1 0.000000 0.000000 0.000000
4 1708589004 0.000000 1 0.000000 0.000000 0.000000
1 1708589005 1.000000 1 1.000000 1.000000 1.000000
2 1708589005 0.000000 1 0.000000 0.000000 0.000000
3 1708589005 0.000000 1 0.000000 0.000000 0.000000
4 1708589005 0.000000 1 0.000000 0.000000 0.000000
1 1708589006 1.000000 1 1.000000 1.000000 1.000000
2 1708589006 0.000000 1 0.000000 0.000000 0.000000
3 1708589006 0.000000 1 0.000000 0.000000 0.000000
4 1708589006 0.000000 1 0.000000 0.000000 0.000000
1 1708589007 1.000000 1 1.000000 1.000000 1.000000
2 1708589007 0.000000 1 0.000000 0.000000 0.000000
3 1708589007 0.000000 1 0.000000 0.000000 0.000000
4 1708589007 0.000000 1 0.000000 0.000000 0.000000
1 1708589008 1.000000 1 1.000000 1.000000 1.000000
2 1708589008 0.000000 1 0.000000 0.000000 0.000000
3 1708589008 0.000000 1 0.000000 0.000000 0.000000
4 1708589008 0.000000 1 0.000000 0.000000 0.000000
1 1708589009 1.000000 1 1.000000 1.000000 1.000000
2 1708589009 0.000000 1 0.000000 0.000000 0.000000
3 1708589009 0.000000 1 0.000000 0.000000 0.000000
4 1708589009 0.000000 1 0.000000 0.000000 0.000000
1 1708589010 1.000000 1 1.000000 1.000000 1.000000
2 1708589010 0.000000 1 0.000000 0.000000 0.000000
3 1708589010 0.000000 1 0.000000 0.000000 0.000000
4 1708589010 0.000000 1 0.000000 0.000000 0.000000
1 1708589011 1.000000 1 1.000000 1.000000 1.000000
2 1708589011 0.000000 1 0.000000 0.000000 0.000000
3 1708589011 0.000000 1 0.000000 0.000000 0.000000
4 1708589011 0.000000 1 0.000000 0.000000 0.000000
1 1708589012 1.000000 1 1.000000 1.000000 1.000000
2 1708589012 0.000000 1 0.000000 0.000000 0.000000
3 1708589012 0.000000 1 0.000000 0.000000 0.000000
4 1708589012 0.000000 1 0.000000 0.000000 0.000000
1 1708589013 1.000000 1 1.000000 1.000000 1.000000
2 1708589013 0.000000 1 0.000000 0.000000 0.000000
3 1708589013 0.000000 1 0.000000 0.000000 0.000000
4 1708589013 0.000000 1 0.000000 0.000000 0.000000
1 1708589014 1.000000 1 1.000000 1.000000 1.000000
2 1708589014 0.000000 1 0.000000 0.000000 0.000000
3 1708589014 0.000000 1 0.000000 0.000000 0.000000
4 1708589014 0.000000 1 0.000000 0.000000 0.000000
1 1708589015 1.000000 1 1.000000 1.000000 1.000000
2 1708589015 0.000000 1 0.000000 0.000000 0.000000
3 1708589015 0.000000 1 0.000000 0.000000 0.000000
4 1708589015 0.000000 1 0.000000 0.000000 0.000000
1 1708589016 1.000000 1 1.000000 1.000000 1.000000
2 1708589016 0.000000 1 0.000000 0.000000 0.000000
3 1708589016 0.000000 1 0.000000 0.000000 0.000000
4 1708589016 0.000000 1 0.000000 0.000000 0.000000
1 1708589017 1.000000 1 1.000000 1.000000 1.000000
2 1708589017 0.000000 1 0.000000 0.000000 0.000000
3 1708589017 0.000000 1 0.000000 0.000000 0.000000
4 1708589017 0.000000 1 0.000000 0.000000 0.000000
1 1708589018 1.000000 1 1.000000 1.000000 1.000000
2 1708589018 0.000000 1 0.000000 0.000000 0.000000
3 1708589018 0.000000 1 0.000000 0.000000 0.000000
4 1708589018 0.000000 1 0.000000 0.000000 0.000000
1 1708589019 1.000000 1 1.000000 1.000000 1.000000
2 1708589019 0.000000 1 0.000000 0.000000 0.000000
3 1708589019 0.000000 1 0.000000 0.000000 0.000000
4 1708589019 0.000000 1 0.000000 0.000000 0.000000
1 1708589020 1.000000 1 1.000000 1.000000 1.000000
2 1708589020 0.000000 1 0.000000 0.000000 0.000000
3 1708589020 0.000000 1 0.000000 0.000000 0.000000
4 1708589020 0.000000 1 0.000000 0.000000 0.000000
1 1708589021 1.000000 1 1.000000 1.000000 1.000000
2 1708589021 0.000000 1 0.000000 0.000000 0.000000
3 1708589021 0.000000 1 0.000000 0.000000 0.000000
4 1708589021 0.000000 1 0.000000 0.000000 0.000000
1 1708589022 1.000000 1 1.000000 1.000000 1.000000
2 1708589022 0.000000 1 0.000000 0.000000 0.000000
3 1708589022 0.000000 1 0.000000 0.000000 0.000000
4 1708589022 0.000000 1 0.000000 0.000000 0.000000
1 1708589023 1.000000 1 1.000000 1.000000 1.000000
2 1708589023 0.000000 1 0.000000 0.000000 0.000000
3 1708589023 0.000000 1 0.000000 0.000000 0.000000
4 1708589023 0.000000 1 0.000000 0.000000 0.000000
1 1708589024 1.000000 1 1.000000 1.000000 1.000000
2 1708589024 0.000000 1 0.000000 0.000000 0.000000
3 1708589024 0.000000 1 0.000000 0.000000 0.000000
4 1708589024 0.000000 1 0.000000 0.000000 0.000000
1 1708589025 1.000000 1 1.000000 1.000000 1.000000
2 1708589025 0.000000 1 0.000000 0.000000 0.000000
3 1708589025 0.000000 1 0.000000 0.000000 0.000000
4 1708589025 0.000000 1 0.000000 0.000000 0.000000
1 1708589026 1.000000 1 1.000000 1.000000 1.000000
2 1708589026 0.000000 1 0.000000 0.000000 0.000000
3 1708589026 0.000000 1 0.000000 0.000000 0.000000
4 1708589026 0.000000 1 0.000000 0.000000 0.000000
1 1708589027 1.000000 1 1.000000 1.000000 1.000000
2 1708589027 0.000000 1 0.000000 0.000000 0.000000
3 1708589027 0.000000 1 0.000000 0.000000 0.000000
4 1708589027 0.000000 1 0.000000 0.000000 0.000000
1 1708589028 1.000000 1 1.000000 1.000000 1.000000
2 1708589028 0.000000 1 0.000000 0.000000 0.000000
3 1708589028 0.000000 1 0.000000 0.000000 0.000000
4 1708589028 0.000000 1 0.000000 0.000000 0.000000
1 1708589029 1.000000 1 1.000000 1.000000 1.000000
2 1708589029 0.000000 1 0.000000 0.000000 0.000000
3 1708589029 0.000000 1 0.000000 0.000000 0.000000
4 1708589029 0.000000 1 0.000000 0.000000 0.000000
1 1708589030 1.000000 1 1.000000 1.000000 1.000000
2 1708589030 0.000000 1 0.000000 0.000000 0.000000
3 1708589030 0.000000 1 0.000000 0.000000 0.000000
4 1708589030 0.000000 1 0.000000 0.000000 0.000000
1 1708589031 1.000000 1 1.000000 1.000000 1.000000
2 1708589031 0.000000 1 0.000000 0.000000 0.000000
3 1708589031 0.000000 1 0.000000 0.000000 0.000000
4 1708589031 0.000000 1 0.000000 0.000000 0.000000
1 1708589032 1.000000 1 1.000000 1.000000 1.000000
2 1708589032 0.000000 1 0.000000 0.000000 0.000000
3 1708589032 0.000000 1 0.000000 0.000000 0.000000
4 1708589032 0.000000 1 0.000000 0.000000 0.000000
1 1708589033 1.000000 1 1.000000 1.000000 1.000000
2 1708589033 0.000000 1 0.000000 0.000000 0.000000
3 1708589033 0.000000 1 0.000000 0.000000 0.000000
4 1708589033 0.000000 1 0.000000 0.000000 0.000000
1 1708589034 1.000000 1 1.000000 1.000000 1.000000
2 1708589034 0.000000 1 0.000000 0.000000 0.000000
3 1708589034 0.000000 1 0.000000 0.000000 0.000000
4 1708589034 0.000000 1 0.000000 0.000000 0.000000
1 1708589035 1.000000 1 1.000000 1.000000 1.000000
2 1708589035 0.000000 1 0.000000 0.000000 0.000000
3 1708589035 0.000000 1 0.000000 0.000000 0.000000
4 1708589035 0.000000 1 0.000000 0.000000 0.000000
1 1708589036 1.000000 1 1.000000 1.000000 1.000000
2 1708589036 0.000000 1 0.000000 0.000000 0.000000
3 1708589036 0.000000 1 0.000000 0.000000 0.000000
4 1708589036 0.000000 1 0.000000 0.000000 0.000000
1 1708589037 1.000000 1 1.000000 1.000000 1.000000
2 1708589037 0.000000 1 0.000000 0.000000 0.000000
3 1708589037 0.000000 1 0.000000 0.000000 0.000000
4 1708589037 0.000000 1 0.000000 0.000000 0.000000
1 1708589038 1.000000 1 1.000000 1.000000 1.000000
2 1708589038 0.000000 1 0.000000 0.000000 0.000000
3 1708589038 0.000000 1 0.000000 0.000000 0.000000
4 1708589038 0.000000 1 0.000000 0.000000 0.000000
1 1708589039 1.000000 1 1.000000 1.000000 1.000000
2 1708589039 0.000000 1 0.000000 0.000000 0.000000
3 1708589039 0.000000 1 0.000000 0.000000 0.000000
4 1708589039 0.000000 1 0.000000 0.000000 0.000000
1 1708589040 1.000000 1 1.000000 1.000000 1.000000
2 1708589040 0.000000 1 0.000000 0.000000 0.000000
3 1708589040 0.000000 1 0.000000 0.000000 0.000000
4 1708589040 0.000000 1 0.000000 0.000000 0.000000
1 1708589041 1.000000 1 1.000000 1.000000 1.000000
2 1708589041 0.000000 1 0.000000 0.000000 0.000000
3 1708589041 0.000000 1 0.000000 0.000000 0.000000
4 1708589041 0.000000 1 0.000000 0.000000 0.000000
1 1708589042 1.000000 1 1.000000 1.000000 1.000000
2 1708589042 0.000000 1 0.000000 0.000000 0.000000
3 1708589042 0.000000 1 0.000000 0.000000 0.000000
4 1708589042 0.000000 1 0.000000 0.000000 0.000000
1 1708589044 1.000000 1 1.000000 1.000000 1.000000
2 1708589044 0.000000 1 0.000000 0.000000 0.000000
3 1708589044 0.000000 1 0.000000 0.000000 0.000000
4 1708589044 0.000000 1 0.000000 0.000000 0.000000
1 1708589045 1.000000 1 1.000000 1.000000 1.000000
2 1708589045 0.000000 1 0.000000 0.000000 0.000000
3 1708589045 0.000000 1 0.000000 0.000000 0.000000
4 1708589045 0.000000 1 0.000000 0.000000 0.000000
1 1708589046 1.000000 1 1.000000 1.000000 1.000000
2 1708589046 0.000000 1 0.000000 0.000000 0.000000
3 1708589046 0.000000 1 0.000000 0.000000 0.000000
4 1708589046 0.000000 1 0.000000 0.000000 0.000000
1 1708589047 1.000000 1 1.000000 1.000000 1.000000
2 1708589047 0.000000 1 0.000000 0.000000 0.000000
3 1708589047 0.000000 1 0.000000 0.000000 0.000000
4 1708589047 0.000000 1 0.000000 0.000000 0.000000
1 1708589048 1.000000 1 1.000000 1.000000 1.000000
2 1708589048 0.000000 1 0.000000 0.000000 0.000000
3 1708589048 0.000000 1 0.000000 0.000000 0.000000
4 1708589048 0.000000 1 0.000000 0.000000 0.000000
1 1708589049 1.000000 1 1.000000 1.000000 1.000000
2 1708589049 0.000000 1 0.000000 0.000000 0.000000
3 1708589049 0.000000 1 0.000000 0.000000 0.000000
4 1708589049 0.000000 1 0.000000 0.000000 0.000000
1 1708589050 1.000000 1 1.000000 1.000000 1.000000
2 1708589050 0.000000 1 0.000000 0.000000 0.000000
3 1708589050 0.000000 1 0.000000 0.000000 0.000000
4 1708589050 0.000000 1 0.000000 0.000000 0.000000
1 1708589051 1.000000 1 1.000000 1.000000 1.000000
2 1708589051 0.000000 1 0.000000 0.000000 0.000000
3 1708589051 0.000000 1 0.000000 0.000000 0.000000
4 1708589051 0.000000 1 0.000000 0.000000 0.000000
1 1708589052 1.000000 1 1.000000 1.000000 1.000000
2 1708589052 0.000000 1 0.000000 0.000000 0.000000
3 1708589052 0.000000 1 0.000000 0.000000 0.000000
4 1708589052 0.000000 1 0.000000 0.000000 0.000000
1 1708589053 1.000000 1 1.000000 1.000000 1.000000
2 1708589053 0.000000 1 0.000000 0.000000 0.000000
3 1708589053 0.000000 1 0.000000 0.000000 0.000000
4 1708589053 0.000000 1 0.000000 0.000000 0.000000
1 1708589054 1.000000 1 1.000000 1.000000 1.000000
2 1708589054 0.000000 1 0.000000 0.000000 0.000000
3 1708589054 0.000000 1 0.000000 0.000000 0.000000
4 1708589054 0.000000 1 0.000000 0.000000 0.000000
1 1708589055 1.000000 1 1.000000 1.000000 1.000000
2 1708589055 0.000000 1 0.000000 0.000000 0.000000
3 1708589055 0.000000 1 0.000000 0.000000 0.000000
4 1708589055 0.000000 1 0.000000 0.000000 0.000000
1 1708589056 1.000000 1 1.000000 1.000000 1.000000
2 1708589056 0.000000 1 0.000000 0.000000 0.000000
3 1708589056 0.000000 1 0.000000 0.000000 0.000000
4 1708589056 0.000000 1 0.000000 0.000000 0.000000
1 1708589057 1.000000 1 1.000000 1.000000 1.000000
2 1708589057 0.000000 1 0.000000 0.000000 0.000000
3 1708589057 0.000000 1 0.000000 0.000000 0.000000
4 1708589057 0.000000 1 0.000000 0.000000 0.000000
1 1708589058 1.000000 1 1.000000 1.000000 1.000000
2 1708589058 0.000000 1 0.000000 0.000000 0.000000
3 1708589058 0.000000 1 0.000000 0.000000 0.000000
4 1708589058 0.000000 1 0.000000 0.000000 0.000000
1 1708589059 1.000000 1 1.000000 1.000000 1.000000
2 1708589059 0.000000 1 0.000000 0.000000 0.000000
3 1708589059 0.000000 1 0.000000 0.000000 0.000000
4 1708589059 0.000000 1 0.000000 0.000000 0.000000
1 1708589060 1.000000 1 1.000000 1.000000 1.000000
2 1708589060 0.000000 1 0.000000 0.000000 0.000000
3 1708589060 0.000000 1 0.000000 0.000000 0.000000
4 1708589060 0.000000 1 0.000000 0.000000 0.000000
1 1708589061 1.000000 1 1.000000 1.000000 1.000000
2 1708589061 0.000000 1 0.000000 0.000000 0.000000
3 1708589061 0.000000 1 0.000000 0.000000 0.000000
4 1708589061 0.000000 1 0.000000 0.000000 0.000000
1 1708589062 1.000000 1 1.000000 1.000000 1.000000
2 1708589062 0.000000 1 0.000000 0.000000 0.000000
3 1708589062 0.000000 1 0.000000 0.000000 0.000000
4 1708589062 0.000000 1 0.000000 0.000000 0.000000
1 1708589063 1.000000 1 1.000000 1.000000 1.000000
2 1708589063 0.000000 1 0.000000 0.000000 0.000000
3 1708589063 0.000000 1 0.000000 0.000000 0.000000
4 1708589063 0.000000 1 0.000000 0.000000 0.000000
1 1708589064 1.000000 1 1.000000 1.000000 1.000000
2 1708589064 0.000000 1 0.000000 0.000000 0.000000
3 1708589064 0.000000 1 0.000000 0.000000 0.000000
4 1708589064 0.000000 1 0.000000 0.000000 0.000000
1 1708589065 1.000000 1 1.000000 1.000000 1.000000
2 1708589065 0.000000 1 0.000000 0.000000 0.000000
3 1708589065 0.000000 1 0.000000 0.000000 0.000000
4 1708589065 0.000000 1 0.000000 0.000000 0.000000
1 1708589066 1.000000 1 1.000000 1.000000 1.000000
2 1708589066 0.000000 1 0.000000 0.000000 0.000000
3 1708589066 0.000000 1 0.000000 0.000000 0.000000
4 1708589066 0.000000 1 0.000000 0.000000 0.000000
1 1708589067 1.000000 1 1.000000 1.000000 1.000000
2 1708589067 0.000000 1 0.000000 0.000000 0.000000
3 1708589067 0.000000 1 0.000000 0.000000 0.000000
4 1708589067 0.000000 1 0.000000 0.000000 0.000000
1 1708589068 1.000000 1 1.000000 1.000000 1.000000
2 1708589068 0.000000 1 0.000000 0.000000 0.000000
3 1708589068 0.000000 1 0.000000 0.000000 0.000000
4 1708589068 0.000000 1 0.000000 0.000000 0.000000
1 1708589069 1.000000 1 1.000000 1.000000 1.000000
2 1708589069 0.000000 1 0.000000 0.000000 0.000000
3 1708589069 0.000000 1 0.000000 0.000000 0.000000
4 1708589069 0.000000 1 0.000000 0.000000 0.000000
1 1708589070 1.000000 1 1.000000 1.000000 1.000000
2 1708589070 0.000000 1 0.000000 0.000000 0.000000
3 1708589070 0.000000 1 0.000000 0.000000 0.000000
4 1708589070 0.000000 1 0.000000 0.000000 0.000000
1 1708589071 1.000000 1 1.000000 1.000000 1.000000
2 1708589071 0.000000 1 0.000000 0.000000 0.000000
3 1708589071 0.000000 1 0.000000 0.000000 0.000000
4 1708589071 0.000000 1 0.000000 0.000000 0.000000
1 1708589072 1.000000 1 1.000000 1.000000 1.000000
2 1708589072 0.000000 1 0.000000 0.000000 0.000000
3 1708589072 0.000000 1 0.000000 0.000000 0.000000
4 1708589072 0.000000 1 0.000000 0.000000 0.000000
1 1708589073 1.000000 1 1.000000 1.000000 1.000000
2 1708589073 0.000000 1 0.000000 0.000000 0.000000
3 1708589073 0.000000 1 0.000000 0.000000 0.000000
4 1708589073 0.000000 1 0.000000 0.000000 0.000000
1 1708589074 1.000000 1 1.000000 1.000000 1.000000
2 1708589074 0.000000 1 0.000000 0.000000 0.000000
3 1708589074 0.000000 1 0.000000 0.000000 0.000000
4 1708589074 0.000000 1 0.000000 0.000000 0.000000
1 1708589075 1.000000 1 1.000000 1.000000 1.000000
2 1708589075 0.000000 1 0.000000 0.000000 0.000000
3 1708589075 0.000000 1 0.000000 0.000000 0.000000
4 1708589075 0.000000 1 0.000000 0.000000 0.000000
1 1708589076 1.000000 1 1.000000 1.000000 1.000000
2 1708589076 0.000000 1 0.000000 0.000000 0.000000
3 1708589076 0.000000 1 0.000000 0.000000 0.000000
4 1708589076 0.000000 1 0.000000 0.000000 0.000000
1 1708589077 1.000000 1 1.000000 1.000000 1.000000
2 1708589077 0.000000 1 0.000000 0.000000 0.000000
3 1708589077 0.000000 1 0.000000 0.000000 0.000000
4 1708589077 0.000000 1 0.000000 0.000000 0.000000
1 1708589078 1.000000 1 1.000000 1.000000 1.000000
2 1708589078 0.000000 1 0.000000 0.000000 0.000000
3 1708589078 0.000000 1 0.000000 0.000000 0.000000
4 1708589078 0.000000 1 0.000000 0.000000 0.000000
1 1708589079 1.000000 1 1.000000 1.000000 1.000000
2 1708589079 0.000000 1 0.000000 0.000000 0.000000
3 1708589079 0.000000 1 0.000000 0.000000 0.000000
4 1708589079 0.000000 1 0.000000 0.000000 0.000000
1 1708589080 1.000000 1 1.000000 1.000000 1.000000
2 1708589080 0.000000 1 0.000000 0.000000 0.000000
3 1708589080 0.000000 1 0.000000 0.000000 0.000000
4 1708589080 0.000000 1 0.000000 0.000000 0.000000
1 1708589081 1.000000 1 1.000000 1.000000 1.000000
2 1708589081 0.000000 1 0.000000 0.000000 0.000000
3 1708589081 0.000000 1 0.000000 0.000000 0.000000
4 1708589081 0.000000 1 0.000000 0.000000 0.000000
1 1708589082 1.000000 1 1.000000 1.000000 1.000000
2 1708589082 0.000000 1 0.000000 0.000000 0.000000
3 1708589082 0.000000 1 0.000000 0.000000 0.000000
4 1708589082 0.000000 1 0.000000 0.000000 0.000000
1 1708589083 1.000000 1 1.000000 1.000000 1.000000
2 1708589083 0.000000 1 0.000000 0.000000 0.000000
3 1708589083 0.000000 1 0.000000 0.000000 0.000000
4 1708589083 0.000000 1 0.000000 0.000000 0.000000
1 1708589084 1.000000 1 1.000000 1.000000 1.000000
2 1708589084 0.000000 1 0.000000 0.000000 0.000000
3 1708589084 0.000000 1 0.000000 0.000000 0.000000
4 1708589084 0.000000 1 0.000000 0.000000 0.000000
1 1708589085 1.000000 1 1.000000 1.000000 1.000000
2 1708589085 0.000000 1 0.000000 0.000000 0.000000
3 1708589085 0.000000 1 0.000000 0.000000 0.000000
4 1708589085 0.000000 1 0.000000 0.000000 0.000000
1 1708589086 1.000000 1 1.000000 1.000000 1.000000
2 1708589086 0.000000 1 0.000000 0.000000 0.000000
3 1708589086 0.000000 1 0.000000 0.000000 0.000000
4 1708589086 0.000000 1 0.000000 0.000000 0.000000
1 1708589087 1.000000 1 1.000000 1.000000 1.000000
2 1708589087 0.000000 1 0.000000 0.000000 0.000000
3 1708589087 0.000000 1 0.000000 0.000000 0.000000
4 1708589087 0.000000 1 0.000000 0.000000 0.000000
1 1708589088 1.000000 1 1.000000 1.000000 1.000000
2 1708589088 0.000000 1 0.000000 0.000000 0.000000
3 1708589088 0.000000 1 0.000000 0.000000 0.000000
4 1708589088 0.000000 1 0.000000 0.000000 0.000000
1 1708589089 1.000000 1 1.000000 1.000000 1.000000
2 1708589089 0.000000 1 0.000000 0.000000 0.000000
3 1708589089 0.000000 1 0.000000 0.000000 0.000000
4 1708589089 0.000000 1 0.000000 0.000000 0.000000
1 1708589090 1.000000 1 1.000000 1.000000 1.000000
2 1708589090 0.000000 1 0.000000 0.000000 0.000000
3 1708589090 0.000000 1 0.000000 0.000000 0.000000
4 1708589090 0.000000 1 0.000000 0.000000 0.000000
1 1708589091 1.000000 1 1.000000 1.000000 1.000000
2 1708589091 0.000000 1 0.000000 0.000000 0.000000
3 1708589091 0.000000 1 0.000000 0.000000 0.000000
4 1708589091 0.000000 1 0.000000 0.000000 0.000000
1 1708589092 1.000000 1 1.000000 1.000000 1.000000
2 1708589092 0.000000 1 0.000000 0.000000 0.000000
3 1708589092 0.000000 1 0.000000 0.000000 0.000000
4 1708589092 0.000000 1 0.000000 0.000000 0.000000
1 1708589093 1.000000 1 1.000000 1.000000 1.000000
2 1708589093 0.000000 1 0.000000 0.000000 0.000000
3 1708589093 0.000000 1 0.000000 0.000000 0.000000
4 1708589093 0.000000 1 0.000000 0.000000 0.000000
1 1708589094 1.000000 1 1.000000 1.000000 1.000000
2 1708589094 0.000000 1 0.000000 0.000000 0.000000
3 1708589094 0.000000 1 0.000000 0.000000 0.000000
4 1708589094 0.000000 1 0.000000 0.000000 0.000000
1 1708589095 1.000000 1 1.000000 1.000000 1.000000
2 1708589095 0.000000 1 0.000000 0.000000 0.000000
3 1708589095 0.000000 1 0.000000 0.000000 0.000000
4 1708589095 0.000000 1 0.000000 0.000000 0.000000
1 1708589096 1.000000 1 1.000000 1.000000 1.000000
2 1708589096 0.000000 1 0.000000 0.000000 0.000000
3 1708589096 0.000000 1 0.000000 0.000000 0.000000
4 1708589096 0.000000 1 0.000000 0.000000 0.000000
1 1708589097 1.000000 1 1.000000 1.000000 1.000000
2 1708589097 0.000000 1 0.000000 0.000000 0.000000
3 1708589097 0.000000 1 0.000000 0.000000 0.000000
4 1708589097 0.000000 1 0.000000 0.000000 0.000000
1 1708589098 1.000000 1 1.000000 1.000000 1.000000
2 1708589098 0.000000 1 0.000000 0.000000 0.000000
3 1708589098 0.000000 1 0.000000 0.000000 0.000000
4 1708589098 0.000000 1 0.000000 0.000000 0.000000
1 1708589099 1.000000 1 1.000000 1.000000 1.000000
2 1708589099 0.000000 1 0.000000 0.000000 0.000000
3 1708589099 0.000000 1 0.000000 0.000000 0.000000
4 1708589099 0.000000 1 0.000000 0.000000 0.000000
1 1708589100 1.000000 1 1.000000 1.000000 1.000000
2 1708589100 0.000000 1 0.000000 0.000000 0.000000
3 1708589100 0.000000 1 0.000000 0.000000 0.000000
4 1708589100 0.000000 1 0.000000 0.000000 0.000000
1 1708589101 1.000000 1 1.000000 1.000000 1.000000
2 1708589101 0.000000 1 0.000000 0.000000 0.000000
3 1708589101 0.000000 1 0.000000 0.000000 0.000000
4 1708589101 0.000000 1 0.000000 0.000000 0.000000
1 1708589102 1.000000 1 1.000000 1.000000 1.000000
2 1708589102 0.000000 1 0.000000 0.000000 0.000000
3 1708589102 0.000000 1 0.000000 0.000000 0.000000
4 1708589102 0.000000 1 0.000000 0.000000 0.000000
1 1708589103 1.000000 1 1.000000 1.000000 1.000000
2 1708589103 0.000000 1 0.000000 0.000000 0.000000
3 1708589103 0.000000 1 0.000000 0.000000 0.000000
4 1708589103 0.000000 1 0.000000 0.000000 0.000000
1 1708589104 1.000000 1 1.000000 1.000000 1.000000
2 1708589104 0.000000 1 0.000000 0.000000 0.000000
3 1708589104 0.000000 1 0.000000 0.000000 0.000000
4 1708589104 0.000000 1 0.000000 0.000000 0.000000
1 1708589105 1.000000 1 1.000000 1.000000 1.000000
2 1708589105 0.000000 1 0.000000 0.000000 0.000000
3 1708589105 0.000000 1 0.000000 0.000000 0.000000
4 1708589105 0.000000 1 0.000000 0.000000 0.000000
1 1708589106 1.000000 1 1.000000 1.000000 1.000000
2 1708589106 0.000000 1 0.000000 0.000000 0.000000
3 1708589106 0.000000 1 0.000000 0.000000 0.000000
4 1708589106 0.000000 1 0.000000 0.000000 0.000000
1 1708589107 1.000000 1 1.000000 1.000000 1.000000
2 1708589107 0.000000 1 0.000000 0.000000 0.000000
3 1708589107 0.000000 1 0.000000 0.000000 0.000000
4 1708589107 0.000000 1 0.000000 0.000000 0.000000
1 1708589109 1.000000 1 1.000000 1.000000 1.000000
2 1708589109 0.000000 1 0.000000 0.000000 0.000000
3 1708589109 0.000000 1 0.000000 0.000000 0.000000
4 1708589109 0.000000 1 0.000000 0.000000 0.000000
1 1708589110 1.000000 1 1.000000 1.000000 1.000000
2 1708589110 0.000000 1 0.000000 0.000000 0.000000
3 1708589110 0.000000 1 0.000000 0.000000 0.000000
4 1708589110 0.000000 1 0.000000 0.000000 0.000000
1 1708589111 1.000000 1 1.000000 1.000000 1.000000
2 1708589111 0.000000 1 0.000000 0.000000 0.000000
3 1708589111 0.000000 1 0.000000 0.000000 0.000000
4 1708589111 0.000000 1 0.000000 0.000000 0.000000
1 1708589112 1.000000 1 1.000000 1.000000 1.000000
2 1708589112 0.000000 1 0.000000 0.000000 0.000000
3 1708589112 0.000000 1 0.000000 0.000000 0.000000
4 1708589112 0.000000 1 0.000000 0.000000 0.000000
1 1708589113 1.000000 1 1.000000 1.000000 1.000000
2 1708589113 0.000000 1 0.000000 0.000000 0.000000
3 1708589113 0.000000 1 0.000000 0.000000 0.000000
4 1708589113 0.000000 1 0.000000 0.000000 0.000000
1 1708589114 1.000000 1 1.000000 1.000000 1.000000
2 1708589114 0.000000 1 0.000000 0.000000 0.000000
3 1708589114 0.000000 1 0.000000 0.000000 0.000000
4 1708589114 0.000000 1 0.000000 0.000000 0.000000
1 1708589115 1.000000 1 1.000000 1.000000 1.000000
2 1708589115 0.000000 1 0.000000 0.000000 0.000000
3 1708589115 0.000000 1 0.000000 0.000000 0.000000
4 1708589115 0.000000 1 0.000000 0.000000 0.000000
1 1708589116 1.000000 1 1.000000 1.000000 1.000000
2 1708589116 0.000000 1 0.000000 0.000000 0.000000
3 1708589116 0.000000 1 0.000000 0.000000 0.000000
4 1708589116 0.000000 1 0.000000 0.000000 0.000000
1 1708589117 1.000000 1 1.000000 1.000000 1.000000
2 1708589117 0.000000 1 0.000000 0.000000 0.000000
3 1708589117 0.000000 1 0.000000 0.000000 0.000000
4 1708589117 0.000000 1 0.000000 0.000000 0.000000
1 1708589118 1.000000 1 1.000000 1.000000 1.000000
2 1708589118 0.000000 1 0.000000 0.000000 0.000000
3 1708589118 0.000000 1 0.000000 0.000000 0.000000
4 1708589118 0.000000 1 0.000000 0.000000 0.000000
1 1708589119 1.000000 1 1.000000 1.000000 1.000000
2 1708589119 0.000000 1 0.000000 0.000000 0.000000
3 1708589119 0.000000 1 0.000000 0.000000 0.000000
4 1708589119 0.000000 1 0.000000 0.000000 0.000000
1 1708589120 1.000000 1 1.000000 1.000000 1.000000
2 1708589120 0.000000 1 0.000000 0.000000 0.000000
3 1708589120 0.000000 1 0.000000 0.000000 0.000000
4 1708589120 0.000000 1 0.000000 0.000000 0.000000
1 1708589121 1.000000 1 1.000000 1.000000 1.000000
2 1708589121 0.000000 1 0.000000 0.000000 0.000000
3 1708589121 0.000000 1 0.000000 0.000000 0.000000
4 1708589121 0.000000 1 0.000000 0.000000 0.000000
1 1708589122 1.000000 1 1.000000 1.000000 1.000000
2 1708589122 0.000000 1 0.000000 0.000000 0.000000
3 1708589122 0.000000 1 0.000000 0.000000 0.000000
4 1708589122 0.000000 1 0.000000 0.000000 0.000000
1 1708589123 1.000000 1 1.000000 1.000000 1.000000
2 1708589123 0.000000 1 0.000000 0.000000 0.000000
3 1708589123 0.000000 1 0.000000 0.000000 0.000000
4 1708589123 0.000000 1 0.000000 0.000000 0.000000
1 1708589124 1.000000 1 1.000000 1.000000 1.000000
2 1708589124 0.000000 1 0.000000 0.000000 0.000000
3 1708589124 0.000000 1 0.000000 0.000000 0.000000
4 1708589124 0.000000 1 0.000000 0.000000 0.000000
1 1708589125 1.000000 1 1.000000 1.000000 1.000000
2 1708589125 0.000000 1 0.000000 0.000000 0.000000
3 1708589125 0.000000 1 0.000000 0.000000 0.000000
4 1708589125 0.000000 1 0.000000 0.000000 0.000000
1 1708589126 1.000000 1 1.000000 1.000000 1.000000
2 1708589126 0.000000 1 0.000000 0.000000 0.000000
3 1708589126 0.000000 1 0.000000 0.000000 0.000000
4 1708589126 0.000000 1 0.000000 0.000000 0.000000
1 1708589127 1.000000 1 1.000000 1.000000 1.000000
2 1708589127 0.000000 1 0.000000 0.000000 0.000000
3 1708589127 0.000000 1 0.000000 0.000000 0.000000
4 1708589127 0.000000 1 0.000000 0.000000 0.000000
1 1708589128 1.000000 1 1.000000 1.000000 1.000000
2 1708589128 0.000000 1 0.000000 0.000000 0.000000
3 1708589128 0.000000 1 0.000000 0.000000 0.000000
4 1708589128 0.000000 1 0.000000 0.000000 0.000000
1 1708589129 1.000000 1 1.000000 1.000000 1.000000
2 1708589129 0.000000 1 0.000000 0.000000 0.000000
3 1708589129 0.000000 1 0.000000 0.000000 0.000000
4 1708589129 0.000000 1 0.000000 0.000000 0.000000
1 1708589130 1.000000 1 1.000000 1.000000 1.000000
2 1708589130 0.000000 1 0.000000 0.000000 0.000000
3 1708589130 0.000000 1 0.000000 0.000000 0.000000
4 1708589130 0.000000 1 0.000000 0.000000 0.000000
1 1708589131 1.000000 1 1.000000 1.000000 1.000000
2 1708589131 0.000000 1 0.000000 0.000000 0.000000
3 1708589131 0.000000 1 0.000000 0.000000 0.000000
4 1708589131 0.000000 1 0.000000 0.000000 0.000000
1 1708589132 1.000000 1 1.000000 1.000000 1.000000
2 1708589132 0.000000 1 0.000000 0.000000 0.000000
3 1708589132 0.000000 1 0.000000 0.000000 0.000000
4 1708589132 0.000000 1 0.000000 0.000000 0.000000
1 1708589133 1.000000 1 1.000000 1.000000 1.000000
2 1708589133 0.000000 1 0.000000 0.000000 0.000000
3 1708589133 0.000000 1 0.000000 0.000000 0.000000
4 1708589133 0.000000 1 0.000000 0.000000 0.000000
1 1708589134 1.000000 1 1.000000 1.000000 1.000000
2 1708589134 0.000000 1 0.000000 0.000000 0.000000
3 1708589134 0.000000 1 0.000000 0.000000 0.000000
4 1708589134 0.000000 1 0.000000 0.000000 0.000000
1 1708589135 1.000000 1 1.000000 1.000000 1.000000
2 1708589135 0.000000 1 0.000000 0.000000 0.000000
3 1708589135 0.000000 1 0.000000 0.000000 0.000000
4 1708589135 0.000000 1 0.000000 0.000000 0.000000
1 1708589136 1.000000 1 1.000000 1.000000 1.000000
2 1708589136 0.000000 1 0.000000 0.000000 0.000000
3 1708589136 0.000000 1 0.000000 0.000000 0.000000
4 1708589136 0.000000 1 0.000000 0.000000 0.000000
1 1708589137 1.000000 1 1.000000 1.000000 1.000000
2 1708589137 0.000000 1 0.000000 0.000000 0.000000
3 1708589137 0.000000 1 0.000000 0.000000 0.000000
4 1708589137 0.000000 1 0.000000 0.000000 0.000000
1 1708589138 1.000000 1 1.000000 1.000000 1.000000
2 1708589138 0.000000 1 0.000000 0.000000 0.000000
3 1708589138 0.000000 1 0.000000 0.000000 0.000000
4 1708589138 0.000000 1 0.000000 0.000000 0.000000
1 1708589139 1.000000 1 1.000000 1.000000 1.000000
2 1708589139 0.000000 1 0.000000 0.000000 0.000000
3 1708589139 0.000000 1 0.000000 0.000000 0.000000
4 1708589139 0.000000 1 0.000000 0.000000 0.000000
1 1708589140 1.000000 1 1.000000 1.000000 1.000000
2 1708589140 0.000000 1 0.000000 0.000000 0.000000
3 1708589140 0.000000 1 0.000000 0.000000 0.000000
4 1708589140 0.000000 1 0.000000 0.000000 0.000000
1 1708589141 1.000000 1 1.000000 1.000000 1.000000
2 1708589141 0.000000 1 0.000000 0.000000 0.000000
3 1708589141 0.000000 1 0.000000 0.000000 0.000000
4 1708589141 0.000000 1 0.000000 0.000000 0.000000
1 1708589142 1.000000 1 1.000000 1.000000 1.000000
2 1708589142 0.000000 1 0.000000 0.000000 0.000000
3 1708589142 0.000000 1 0.000000 0.000000 0.000000
4 1708589142 0.000000 1 0.000000 0.000000 0.000000
1 1708589143 1.000000 1 1.000000 1.000000 1.000000
2 1708589143 0.000000 1 0.000000 0.000000 0.000000
3 1708589143 0.000000 1 0.000000 0.000000 0.000000
4 1708589143 0.000000 1 0.000000 0.000000 0.000000
1 1708589144 1.000000 1 1.000000 1.000000 1.000000
2 1708589144 0.000000 1 0.000000 0.000000 0.000000
3 1708589144 0.000000 1 0.000000 0.000000 0.000000
4 1708589144 0.000000 1 0.000000 0.000000 0.000000
1 1708589145 1.000000 1 1.000000 1.000000 1.000000
2 1708589145 0.000000 1 0.000000 0.000000 0.000000
3 1708589145 0.000000 1 0.000000 0.000000 0.000000
4 1708589145 0.000000 1 0.000000 0.000000 0.000000
1 1708589146 1.000000 1 1.000000 1.000000 1.000000
2 1708589146 0.000000 1 0.000000 0.000000 0.000000
3 1708589146 0.000000 1 0.000000 0.000000 0.000000
4 1708589146 0.000000 1 0.000000 0.000000 0.000000
1 1708589147 1.000000 1 1.000000 1.000000 1.000000
2 1708589147 0.000000 1 0.000000 0.000000 0.000000
3 1708589147 0.000000 1 0.000000 0.000000 0.000000
4 1708589147 0.000000 1 0.000000 0.000000 0.000000
1 1708589148 1.000000 1 1.000000 1.000000 1.000000
2 1708589148 0.000000 1 0.000000 0.000000 0.000000
3 1708589148 0.000000 1 0.000000 0.000000 0.000000
4 1708589148 0.000000 1 0.000000 0.000000 0.000000
1 1708589149 1.000000 1 1.000000 1.000000 1.000000
2 1708589149 0.000000 1 0.000000 0.000000 0.000000
3 1708589149 0.000000 1 0.000000 0.000000 0.000000
4 1708589149 0.000000 1 0.000000 0.000000 0.000000
1 1708589150 1.000000 1 1.000000 1.000000 1.000000
2 1708589150 0.000000 1 0.000000 0.000000 0.000000
3 1708589150 0.000000 1 0.000000 0.000000 0.000000
4 1708589150 0.000000 1 0.000000 0.000000 0.000000
1 1708589151 1.000000 1 1.000000 1.000000 1.000000
2 1708589151 0.000000 1 0.000000 0.000000 0.000000
3 1708589151 0.000000 1 0.000000 0.000000 0.000000
4 1708589151 0.000000 1 0.000000 0.000000 0.000000
1 1708589152 1.000000 1 1.000000 1.000000 1.000000
2 1708589152 0.000000 1 0.000000 0.000000 0.000000
3 1708589152 0.000000 1 0.000000 0.000000 0.000000
4 1708589152 0.000000 1 0.000000 0.000000 0.000000
1 1708589153 1.000000 1 1.000000 1.000000 1.000000
2 1708589153 0.000000 1 0.000000 0.000000 0.000000
3 1708589153 0.000000 1 0.000000 0.000000 0.000000
4 1708589153 0.000000 1 0.000000 0.000000 0.000000
1 1708589154 1.000000 1 1.000000 1.000000 1.000000
2 1708589154 0.000000 1 0.000000 0.000000 0.000000
3 1708589154 0.000000 1 0.000000 0.000000 0.000000
4 1708589154 0.000000 1 0.000000 0.000000 0.000000
1 1708589155 1.000000 1 1.000000 1.000000 1.000000
2 1708589155 0.000000 1 0.000000 0.000000 0.000000
3 1708589155 0.000000 1 0.000000 0.000000 0.000000
4 1708589155 0.000000 1 0.000000 0.000000 0.000000
1 1708589156 1.000000 1 1.000000 1.000000 1.000000
2 1708589156 0.000000 1 0.000000 0.000000 0.000000
3 1708589156 0.000000 1 0.000000 0.000000 0.000000
4 1708589156 0.000000 1 0.000000 0.000000 0.000000
1 1708589157 1.000000 1 1.000000 1.000000 1.000000
2 1708589157 0.000000 1 0.000000 0.000000 0.000000
3 1708589157 0.000000 1 0.000000 0.000000 0.000000
4 1708589157 0.000000 1 0.000000 0.000000 0.000000
1 1708589158 1.000000 1 1.000000 1.000000 1.000000
2 1708589158 0.000000 1 0.000000 0.000000 0.000000
3 1708589158 0.000000 1 0.000000 0.000000 0.000000
4 1708589158 0.000000 1 0.000000 0.000000 0.000000
1 1708589159 1.000000 1 1.000000 1.000000 1.000000
2 1708589159 0.000000 1 0.000000 0.000000 0.000000
3 1708589159 0.000000 1 0.000000 0.000000 0.000000
4 1708589159 0.000000 1 0.000000 0.000000 0.000000
1 1708589160 1.000000 1 1.000000 1.000000 1.000000
2 1708589160 0.000000 1 0.000000 0.000000 0.000000
3 1708589160 0.000000 1 0.000000 0.000000 0.000000
4 1708589160 0.000000 1 0.000000 0.000000 0.000000
1 1708589161 1.000000 1 1.000000 1.000000 1.000000
2 1708589161 0.000000 1 0.000000 0.000000 0.000000
3 1708589161 0.000000 1 0.000000 0.000000 0.000000
4 1708589161 0.000000 1 0.000000 0.000000 0.000000
1 1708589162 1.000000 1 1.000000 1.000000 1.000000
2 1708589162 0.000000 1 0.000000 0.000000 0.000000
3 1708589162 0.000000 1 0.000000 0.000000 0.000000
4 1708589162 0.000000 1 0.000000 0.000000 0.000000
1 1708589163 1.000000 1 1.000000 1.000000 1.000000
2 1708589163 0.000000 1 0.000000 0.000000 0.000000
3 1708589163 0.000000 1 0.000000 0.000000 0.000000
4 1708589163 0.000000 1 0.000000 0.000000 0.000000
1 1708589164 1.000000 1 1.000000 1.000000 1.000000
2 1708589164 0.000000 1 0.000000 0.000000 0.000000
3 1708589164 0.000000 1 0.000000 0.000000 0.000000
4 1708589164 0.000000 1 0.000000 0.000000 0.000000
1 1708589165 1.000000 1 1.000000 1.000000 1.000000
2 1708589165 0.000000 1 0.000000 0.000000 0.000000
3 1708589165 0.000000 1 0.000000 0.000000 0.000000
4 1708589165 0.000000 1 0.000000 0.000000 0.000000
1 1708589166 1.000000 1 1.000000 1.000000 1.000000
2 1708589166 0.000000 1 0.000000 0.000000 0.000000
3 1708589166 0.000000 1 0.000000 0.000000 0.000000
4 1708589166 0.000000 1 0.000000 0.000000 0.000000
1 1708589167 1.000000 1 1.000000 1.000000 1.000000
2 1708589167 0.000000 1 0.000000 0.000000 0.000000
3 1708589167 0.000000 1 0.000000 0.000000 0.000000
4 1708589167 0.000000 1 0.000000 0.000000 0.000000
1 1708589168 1.000000 1 1.000000 1.000000 1.000000
2 1708589168 0.000000 1 0.000000 0.000000 0.000000
3 1708589168 0.000000 1 0.000000 0.000000 0.000000
4 1708589168 0.000000 1 0.000000 0.000000 0.000000
1 1708589169 1.000000 1 1.000000 1.000000 1.000000
2 1708589169 0.000000 1 0.000000 0.000000 0.000000
3 1708589169 0.000000 1 0.000000 0.000000 0.000000
4 1708589169 0.000000 1 0.000000 0.000000 0.000000
1 1708589170 1.000000 1 1.000000 1.000000 1.000000
2 1708589170 0.000000 1 0.000000 0.000000 0.000000
3 1708589170 0.000000 1 0.000000 0.000000 0.000000
4 1708589170 0.000000 1 0.000000 0.000000 0.000000
1 1708589171 1.000000 1 1.000000 1.000000 1.000000
2 1708589171 0.000000 1 0.000000 0.000000 0.000000
3 1708589171 0.000000 1 0.000000 0.000000 0.000000
4 1708589171 0.000000 1 0.000000 0.000000 0.000000
1 1708589173 1.000000 1 1.000000 1.000000 1.000000
2 1708589173 0.000000 1 0.000000 0.000000 0.000000
3 1708589173 0.000000 1 0.000000 0.000000 0.000000
4 1708589173 0.000000 1 0.000000 0.000000 0.000000
1 1708589174 1.000000 1 1.000000 1.000000 1.000000
2 1708589174 0.000000 1 0.000000 0.000000 0.000000
3 1708589174 0.000000 1 0.000000 0.000000 0.000000
4 1708589174 0.000000 1 0.000000 0.000000 0.000000
1 1708589175 1.000000 1 1.000000 1.000000 1.000000
2 1708589175 0.000000 1 0.000000 0.000000 0.000000
3 1708589175 0.000000 1 0.000000 0.000000 0.000000
4 1708589175 0.000000 1 0.000000 0.000000 0.000000
1 1708589176 1.000000 1 1.000000 1.000000 1.000000
2 1708589176 0.000000 1 0.000000 0.000000 0.000000
3 1708589176 0.000000 1 0.000000 0.000000 0.000000
4 1708589176 0.000000 1 0.000000 0.000000 0.000000
1 1708589177 0.000000 1 0.000000 0.000000 0.000000
2 1708589177 0.000000 1 0.000000 0.000000 0.000000
3 1708589177 1.000000 1 1.000000 1.000000 1.000000
4 1708589177 0.000000 1 0.000000 0.000000 0.000000
